TeamID,Time,Packet,Altitude,Pressure,Airspeed,Temperature,Voltage,Latitude,Longitude,GPSAlt,Satellites,GPSSpeed,Heading,ImageCount,State
208,301,127,113,218,233,33,131,172,225,233,294,62,184,74,112
205,302,155,108,121,69,1,234,265,151,42,32,245,274,218,153
204,303,249,97,127,50,88,221,50,245,41,45,240,42,195,271
180,304,95,247,106,276,133,174,157,212,242,129,18,113,231,231
283,305,94,278,146,10,75,56,150,102,86,82,168,98,293,4
200,306,51,46,221,86,204,133,164,51,241,220,277,262,30,193
179,307,283,173,240,59,162,150,75,244,235,37,166,128,211,252
135,308,41,5,243,178,83,155,39,37,26,59,159,215,220,232
149,309,174,54,160,30,46,31,73,83,154,168,207,157,74,48
179,310,293,163,246,30,161,56,30,39,277,137,23,85,1,174
9,311,60,54,299,21,178,52,92,82,32,148,154,20,181,197
231,312,156,244,65,175,143,193,28,202,177,228,254,119,76,19
208,313,154,105,282,184,161,110,132,85,292,187,281,4,113,33
53,314,245,133,201,245,42,192,169,62,215,19,43,21,136,267
239,315,164,46,199,5,238,86,232,38,62,118,198,57,169,224
236,316,280,246,30,233,233,107,55,245,49,194,216,79,145,84
5,317,106,227,103,77,177,236,79,132,267,175,262,127,57,255
70,318,201,133,134,74,117,16,185,36,93,267,255,111,8,51
259,319,25,54,140,175,122,47,73,187,251,177,80,217,149,217
98,320,27,39,237,258,185,265,44,234,157,156,140,32,122,202
123,321,121,1,156,81,21,168,169,264,123,27,266,249,117,163
284,322,79,193,294,124,97,5,291,87,289,217,31,172,54,214
96,323,28,291,271,132,209,260,48,93,142,87,98,256,264,190
247,324,97,117,280,90,7,79,161,146,125,17,171,117,93,97
17,325,98,17,113,220,111,155,279,16,179,279,249,295,3,186
145,326,170,134,270,242,279,285,135,5,19,92,225,18,265,263
90,327,235,8,154,116,137,195,95,162,145,247,128,75,155,71
111,328,18,64,77,17,160,60,179,2,222,65,215,199,247,28
103,329,141,145,80,191,127,53,131,296,94,112,207,182,76,236
55,330,195,184,135,3,170,189,198,34,32,206,163,105,231,96
